Date,Open,High,Low,Close,Volume,OpenInt,B_Small,B_Large,Sell
2017-01-27,109.57,111.53,108.5,111.41,11171287,0,1,1,0
2017-01-30,110.56,110.65,107.57,109.66,12165122,0,1,1,0
2017-01-31,108.6,109.69,107.86,108.83,8800295,0,1,1,0
2017-02-01,110.22,113.76,109.5,113.59,14449081,0,1,1,0
2017-02-02,112.94,115.37,111.7,115.02,11969643,0,1,1,0
2017-02-03,115.08,115.53,113.54,114.02,9348445,0,1,1,0
2017-02-06,113.64,116.96,113.64,116.94,12093403,0,0,1,1
2017-02-07,118.33,120.53,117.53,118.75,18543436,0,0,0,1
2017-02-08,118.03,118.93,116.01,118.24,11098255,0,0,0,1
2017-02-09,118.49,118.68,115.23,116.01,16817545,0,0,0,1
2017-02-10,119.54,120.31,112.24,113.26,41081437,0,0,0,1
2017-02-13,113.03,113.62,107.86,108.03,28959334,0,0,1,1
2017-02-14,107.65,109.79,105.96,108.43,21113060,0,0,1,1
2017-02-15,108.55,109.44,107.42,108.65,9256340,0,0,0,1
2017-02-16,109.04,109.06,105.33,106.9,15298367,0,0,0,1
2017-02-17,106.37,107.07,104.46,106.89,13584541,0,1,1,1
2017-02-21,107.89,110.87,107.88,110.71,13376001,0,0,0,1
2017-02-22,111.2,111.58,109.77,110.54,10248961,0,0,0,1
2017-02-23,105.3,106.19,99.492,100.29,39429274,0,1,1,0
2017-02-24,96.883,101.8,95.515,101.2,24642138,0,1,1,1
2017-02-27,102,104.82,101.36,104.21,16534360,0,0,0,1
2017-02-28,104.6,105,100.58,101.28,15181594,0,0,1,1
2017-03-01,103.59,104.17,100.91,102.58,11750897,0,0,0,1
2017-03-02,102.07,102.64,98.699,98.809,17319084,0,0,0,1
2017-03-03,98.379,98.579,96.034,98.24,21413721,0,1,1,0
2017-03-06,96.773,97.911,94.986,97.481,21933122,0,1,1,0
2017-03-07,97.481,99.338,96.963,98.549,14844321,0,1,1,0
2017-03-08,100.5,101.1,98.279,98.369,15423273,0,1,1,0
2017-03-09,97.721,99.258,97.212,98.349,11531214,0,1,1,0
2017-03-10,99.422,99.89,98.19,98.909,11726903,0,1,1,0
2017-03-13,100.43,102.05,99.318,101.65,19390843,0,1,1,0
2017-03-14,102.17,102.55,100.27,101.58,13075662,0,1,1,0
2017-03-15,102.05,102.79,100.12,102.35,15405598,0,1,1,0
2017-03-16,102.78,103.63,102.21,103.61,13102794,0,1,1,0
2017-03-17,104.32,105.92,103.61,105.87,24645212,0,1,1,0
2017-03-20,106.58,109.39,105.93,109.23,18750355,0,0,0,1
2017-03-21,108.54,109.74,105.38,105.71,22881283,0,1,1,0
2017-03-22,105.26,108.05,105.1,107.87,15448935,0,0,0,1
2017-03-23,107.55,108.34,106.5,106.89,13374365,0,1,1,0
2017-03-24,108.76,109.08,106.22,107.27,10793183,0,0,1,1
2017-03-27,105.38,108.19,103.38,108.04,12271773,0,0,0,1
2017-03-28,108.09,108.68,107.07,107.49,10176113,0,0,0,1
2017-03-29,107.79,108.28,107.05,107.14,8627405,0,0,1,1
2017-03-30,107.43,109.78,107.2,109.18,13046531,0,0,0,1
2017-03-31,108.8,109.67,108.19,108.72,10864868,0,0,0,1
2017-04-03,108.74,109.43,107.22,108.17,11152346,0,0,0,1
2017-04-04,103.2,104.22,100.14,100.58,31585819,0,0,0,1
2017-04-05,99.82,102.17,99.308,99.83,18416847,0,0,1,1
2017-04-06,100.04,101.05,98.22,100.56,15754201,0,0,0,1
2017-04-07,100.82,101.53,99.53,100.13,10747401,0,0,0,1
2017-04-10,100.16,100.43,97.411,97.581,18420713,0,1,1,0
2017-04-11,96.363,98.709,96.164,97.931,15483644,0,1,1,0
2017-04-12,97.931,98.509,96.913,97.122,10005144,0,1,1,0
2017-04-13,96.144,97.023,95.306,95.306,12431260,0,1,1,0
2017-04-17,95.825,99.049,95.615,99.039,12165140,0,1,1,0
2017-04-18,98.459,99.348,97.411,99.099,9182873,0,1,1,0
2017-04-19,99.8,100.78,99.218,99.492,9361017,0,1,1,0
2017-04-20,100.07,101.25,99.218,101.06,9794816,0,1,1,0
2017-04-21,100.64,101.59,100.16,101.48,8352973,0,1,1,0
2017-04-24,102.76,103.28,101.91,102.75,9305382,0,1,1,0
2017-04-25,103.34,105.13,102.47,104.54,9723744,0,0,0,1
2017-04-26,105.09,105.19,103.74,103.82,8181100,0,1,1,0
2017-04-27,104.12,105.78,103.39,105.44,8000851,0,0,0,1
2017-04-28,105.16,105.44,103.87,104.1,8722999,0,1,1,1
2017-05-01,104.54,106.65,104.25,106.44,7694310,0,0,0,1
2017-05-02,105.35,105.39,102.36,103.28,15649210,0,1,1,0
2017-05-03,103,104.44,102.4,104.05,8417835,0,1,1,0
2017-05-04,104.3,104.75,103.33,103.65,5249402,0,1,1,0
2017-05-05,103.18,103.95,102.55,103.66,5721783,0,1,1,0
2017-05-08,104.14,104.2,102.11,102.57,9130805,0,1,1,0
2017-05-09,102.8,104.73,102.46,102.74,19316047,0,1,1,0
2017-05-10,114.07,121.58,113.8,121.05,53236182,0,1,1,0
2017-05-11,119.81,130.18,119.67,126.26,48476315,0,1,1,0
2017-05-12,126.39,129.35,125.54,127.65,24082933,0,1,1,0
2017-05-15,129.31,134.15,129.13,134.05,27146015,0,1,1,0
2017-05-16,136.12,137.18,133.1,136.55,28031560,0,0,0,1
2017-05-17,133.84,134.6,127.31,127.48,31775535,0,1,1,0
2017-05-18,129.25,133.17,126.81,132.81,28956667,0,1,1,0
2017-05-19,136.9,138.1,135.1,135.88,25308879,0,1,1,0
2017-05-22,137.65,139.36,137.21,138.78,20904880,0,1,1,0
2017-05-23,139.58,139.67,135.59,136.91,17030036,0,1,1,0
2017-05-24,140.84,140.95,137.96,138.45,20435910,0,1,1,0
2017-05-25,139.88,139.91,136.32,138.14,15197999,0,1,1,0
2017-05-26,137.81,145.15,136.99,141.71,19464060,0,1,1,0
2017-05-30,143.57,146.16,142.92,144.74,24716423,0,1,1,0
2017-05-31,146.56,146.87,141.93,144.22,22119463,0,1,1,0
2017-06-01,144.86,144.9,142.39,144.23,12523252,0,1,1,0
2017-06-02,144.11,145.17,143.27,143.51,12183516,0,1,1,0
2017-06-05,142.85,148.4,142.38,147.88,20420151,0,1,1,0
2017-06-06,147.69,149.56,146.67,147.21,18973713,0,1,1,0
2017-06-07,148.2,149.75,147.57,148.99,15179063,0,1,1,0
2017-06-08,153.33,159.86,151.66,159.8,28808394,0,0,0,1
2017-06-09,164.6,168.35,142.62,149.47,92295001,0,1,1,0
2017-06-12,145.75,151.57,141.98,149.84,42331651,0,1,1,0
2017-06-13,154.26,154.63,145.52,151.27,41781354,0,1,1,0
2017-06-14,151.39,153.92,148.37,151.59,29550294,0,1,1,0
2017-06-15,146.83,153.46,146.37,152.24,24022439,0,1,1,0
2017-06-16,152.63,154.56,150.11,151.49,23042517,0,1,1,0
2017-06-19,153.28,157.39,153.13,157.18,19372391,0,0,0,1
2017-06-20,158.89,161.6,156.78,156.95,27382378,0,0,1,1
2017-06-21,158.07,159.48,155.56,159.33,17081305,0,0,0,1
2017-06-22,159.66,160.2,157.26,158.23,11725036,0,0,0,1
2017-06-23,158.54,159.18,153.09,153.69,27208581,0,0,0,1
2017-06-26,155.02,156.46,148.2,152.02,26609296,0,0,0,1
2017-06-27,151.31,151.66,146.22,146.45,24971839,0,1,1,1
2017-06-28,149.19,151.81,145.62,151.62,24854349,0,0,0,1
2017-06-29,150.47,150.59,143.95,146.55,26551275,0,0,0,0
2017-06-30,147.25,147.8,143.37,144.43,18262904,0,1,1,0
2017-07-03,144.92,145.53,138.46,139.21,17742429,0,1,1,0
2017-07-05,141.78,144.09,141.01,142.92,20492770,0,1,1,0
2017-07-06,141.75,145.25,139.64,143.36,18639125,0,1,1,0
2017-07-07,145.65,147.37,144.72,146.63,16318489,0,1,1,0
2017-07-10,149.61,153.86,148.55,153.56,23909528,0,1,1,0
2017-07-11,153.71,156.05,152.02,155.74,18937690,0,1,1,0
2017-07-12,158.16,162.86,156.42,162.37,28526578,0,1,1,0
2017-07-13,162.86,166.15,158.61,160.46,34216234,0,1,1,0
2017-07-14,161.15,164.86,160.87,164.86,23546206,0,1,1,0
2017-07-17,166.18,167.35,161.61,164.11,23163857,0,1,1,0
2017-07-18,161.64,166.4,161.16,165.81,19415676,0,0,0,1
2017-07-19,166.18,167.25,164.47,164.95,17135823,0,1,1,0
2017-07-20,165.78,167.36,163.77,167.35,17429320,0,0,1,1
2017-07-21,166.52,169.15,165.94,167.95,15971986,0,0,0,1
2017-07-24,168.24,168.63,165.57,166,16248221,0,0,0,1
2017-07-25,165.07,165.78,163.44,165.2,12352634,0,0,1,1
2017-07-26,167.53,169.78,165.7,167.11,15987204,0,0,0,1
2017-07-27,168.12,168.59,157.42,161.6,19092618,0,1,1,0
2017-07-28,160.15,165.23,159.14,164.25,12833128,0,1,1,0
2017-07-31,164.79,166.25,160.48,162.37,13973269,0,1,1,0
2017-08-01,161.98,164.42,160.86,164.35,10758294,0,1,1,0
2017-08-02,165.6,165.76,161.13,164.25,11654531,0,1,1,0
2017-08-03,164.23,166.48,163.54,166.33,11057801,0,1,1,0
2017-08-04,167.25,169.92,166.33,167.06,14722999,0,1,1,0
2017-08-07,168.24,172.22,167.85,172.2,17880641,0,0,0,1
2017-08-08,173.74,174.41,168.56,170.15,18820728,0,0,1,1
2017-08-09,168.28,172.06,167.52,171.96,13206048,0,0,0,1
2017-08-10,172.01,172.51,164.19,164.6,32119253,0,0,0,1
2017-08-11,157,158.86,152.78,155.82,37420990,0,1,1,0
2017-08-14,159.53,168.4,159.06,168.25,31916970,0,0,0,1
2017-08-15,168.46,169.52,165.44,166.83,19098008,0,0,0,1
2017-08-16,167.44,168.39,163.7,165,14898232,0,0,0,1
2017-08-17,164.67,165.35,161.24,161.33,13059334,0,1,1,0
2017-08-18,163.53,164.22,159.5,161.36,15023686,0,1,1,0
2017-08-21,162.35,162.81,157.23,159.01,15582935,0,1,1,0
2017-08-22,160.49,162.79,159.71,162.55,11231749,0,1,1,0
2017-08-23,161.2,166.25,160.85,165.8,14462095,0,1,1,0
2017-08-24,167.1,167.28,164.12,165.19,11724551,0,1,1,0
2017-08-25,166.17,166.58,163.55,163.81,8912047,0,1,1,0
2017-08-28,164.58,165.1,162.33,164.97,9659049,0,1,1,0
2017-08-29,162.59,165.58,162.261,164.7,8077471,0,1,1,0
2017-08-30,165.5,166.13,164.27,165.68,9567398,0,1,1,0
2017-08-31,166.5,169.6,166.2,169.44,15301727,0,0,1,1
2017-09-01,169.95,171.9,169.6,170.46,11129443,0,0,0,1
2017-09-05,168.38,168.584,163.563,165.91,17394331,0,1,1,0
2017-09-06,167.24,167.8,164.4,165.81,9897415,0,1,1,0
2017-09-07,166.49,167.89,164.95,166.58,8813337,0,1,1,0
2017-09-08,166.11,166.71,162.71,163.69,12415336,0,1,1,0
2017-09-11,165.54,169.433,165.32,169,14163950,0,1,1,0
2017-09-12,170,170,166.97,169.61,10269251,0,1,1,0
2017-09-13,168.59,171.54,167.28,170.37,14504223,0,1,1,0
2017-09-14,168.79,172.56,167.8,169.4,12791830,0,1,1,0
2017-09-15,172.86,180.11,172.65,180.11,33957797,0,1,1,0
2017-09-18,185.14,191.2,184.86,187.55,41908629,0,0,0,1
2017-09-19,185.51,189.85,184.615,187.35,21800794,0,0,0,1
2017-09-20,187.5,189.42,184.21,185.83,17419581,0,0,0,1
2017-09-21,181.64,182.7,177.61,180.76,26865757,0,0,0,1
2017-09-22,180.3,182.31,178.6,179,12263212,0,0,0,1
2017-09-25,177.75,177.8,170.16,171,21828097,0,1,1,0
2017-09-26,176.45,178.68,170.35,171.96,28094230,0,1,1,0
2017-09-27,175.62,176.27,172.75,175.73,17759420,0,1,1,0
2017-09-28,176.02,176.18,173.76,175.68,10864533,0,1,1,0
2017-09-29,179.08,179.73,177.25,178.77,15456495,0,1,1,0
2017-10-02,180.8,181.98,177,179,12568102,0,1,1,0
2017-10-03,179.25,180.58,177.58,179.37,9737108,0,1,1,0
2017-10-04,179.62,181.77,178.14,180.87,10681337,0,1,1,0
2017-10-05,181.86,182,179.56,180.77,10911611,0,1,1,0
2017-10-06,179.65,181.84,179,181.3,7952365,0,1,1,0
2017-10-09,182.79,186.73,182.03,185.39,14025740,0,1,1,0
2017-10-10,191.43,192.95,187.26,188.93,24322866,0,1,1,0
2017-10-11,189.6,191,187.74,190.94,13208122,0,1,1,0
2017-10-12,191.08,193.09,189.93,191.03,13132065,0,1,1,0
2017-10-13,193.55,195,191.65,194.59,15688113,0,1,1,0
2017-10-16,195.8,198.048,193.24,197.93,14356503,0,0,0,1
2017-10-17,197.09,198.9,196.35,197.75,11630729,0,0,0,1
2017-10-18,198.11,198.14,193.32,197.58,14159376,0,0,1,1
2017-10-19,194.44,198,192.45,197.8,14179172,0,1,1,0
2017-10-20,198.49,199.59,196.54,196.9,11259456,0,1,1,0
2017-10-23,197.78,198.85,195.8,196.62,10694529,0,1,1,0
2017-10-24,196.99,198.75,195.94,198.68,10103775,0,1,1,0
2017-10-25,197.08,199.22,191.17,193.66,20679872,0,1,1,0
2017-10-26,194.78,196.16,193.81,195.69,8019214,0,1,1,0
2017-10-27,197.88,201.87,196.75,201.86,14284864,0,1,1,0
2017-10-30,201.86,206.09,201.22,203.84,12601417,0,1,1,0
2017-10-31,205.13,207.89,204.9,206.81,10297707,0,1,1,0
2017-11-01,209.35,209.97,204.6,207.2,12564446,0,1,1,0
2017-11-02,206,207.81,203.65,205.94,8557738,0,1,1,0
2017-11-03,207.2,208.69,205.341,208.69,8841024,0,1,1,0
2017-11-06,207.2,209.98,206.7,209.63,9731783,0,1,1,0
2017-11-07,210.55,212.9,210.056,212,10671815,0,0,0,1
2017-11-08,211.85,212,207.24,209.16,13033902,0,1,1,0
2017-11-09,205.27,206.33,200.37,205.32,23895006,0,1,1,0
2017-11-10,213.08,218.67,211.63,216.14,31300857,0,1,1,0
